75 0.0001987213571744832
8686 0.00019020547844597507
9678 0.00018833704842356435
5104 0.00018779534419407508
725 0.0001867931636957351
3257 0.00018572164234825463
468 0.0001849001957042207
7730 0.0001839383919963129
7175 0.00018383892815380506
5526 0.00018284342542921142
8880 0.00018258924089121104
6165 0.00018138163795764232
2524 0.00017976811240047846
7531 0.00017795520713343994
9705 0.00017727357191793294
6674 0.00017671543066255274
5479 0.0001763152873083816
8730 0.000175446926166658
5486 0.00017463800022097885
579 0.0001746365199562478
4969 0.00017395467510917346
5602 0.00017374174548083805
5467 0.00017349844400450253
1741 0.00017318135046970364
4499 0.00017223148988911827
3334 0.00017211544050082733
4561 0.00017179763631543172
43 0.00017168817203958123
9083 0.00017159456165161157
989 0.00017078919718981338
5919 0.00017036356647087393
7157 0.0001692239493372755
5883 0.000168874806581641
646 0.000168113848805818
9884 0.00016801568546240774
2414 0.00016787064486708058
486 0.00016767849339697734
6364 0.00016730428432105537
2387 0.0001672162898998449
2932 0.00016719568481317785
2588 0.00016690582252154243
1963 0.0001666289447667617
6147 0.00016601393615931447
4304 0.00016599596989706975
5142 0.00016570033932815064
5823 0.000165619326529324
2229 0.00016561022193541244
3094 0.00016545796758377424
5029 0.00016541591563254271
8294 0.00016523249845556572
260 0.00016504034874014023
3331 0.000164997387037792
5390 0.00016497209573314937
9674 0.00016479668468531518
5786 0.00016442853137462715
1506 0.00016433098857821895
4049 0.00016390200643925584
1750 0.00016390033096706918
2213 0.00016383883041230709
1932 0.00016379225117709272
3794 0.0001637646716316725
3790 0.00016375303869655127
1879 0.0001635774227330979
9768 0.00016337944596975929
9325 0.00016318224107581702
209 0.00016314496442267559
9106 0.000163099114810359
6248 0.00016270011131243393
3029 0.00016262664723976571
9134 0.00016228608364603808
1486 0.0001622647476511212
2549 0.00016211899814757782
4613 0.00016202972223578849
40 0.00016191069734877624
3190 0.00016178144775484053
511 0.00016176123176456702
3350 0.00016162448059611553
9067 0.0001614519190890278
2711 0.00016116573036145795
664 0.0001611439484246656
5191 0.00016098799230844965
2180 0.0001609350845217679
9677 0.0001609221417126313
407 0.0001608846926330854
9817 0.00016075745669845567
6403 0.0001606535255241405
2880 0.0001604516512804053
1289 0.00016041218491741615
4602 0.00016036529158395076
9464 0.00016020210450419202
3534 0.0001601951376222496
9272 0.00015982986041404598
2123 0.00015968007411926765
2191 0.0001595091879789857
7887 0.00015939954636725708
3610 0.00015939486778416827
604 0.00015906207057426737
8160 0.00015896569067346122
9645 0.00015893490667593247
5206 0.0001588299774533382
